,trialnumber,trlid,blocknumber,arraytiltcond,probetiltcond,stim1cond,stim2cond,trialDifficultyChange,trialdifficulty,difficultyOri,stim1ori,addToStim1,stim2ori,correctResp,delay1,delay2,ITI,stim1trig,stim2trig,respcuetrig,buttonpresstrig,fbtrig,rt,resptime,PerceptDecCorrect,trlResponded,buttonResponded,buttontrig,subid,fbgiven,prevtrlfb,rewarded,unrewarded
1,1,1,1,1,1,1,1,0,1,4,33,4,37,k,6.92,0.51,4.34,10,12,32,-100,61,0.9262495446,1.0404914188,0,1,d,40.0,10,incorrect,,0,1
7,2,2,1,1,1,1,1,0,1,4,55,4,59,k,4.21,0.41,4.42,10,12,32,-100,60,0.3598854246,0.5202015191,1,1,k,50.0,10,correct,incorrect,1,0
13,3,3,1,0,0,-1,-1,0,1,4,-30,0,-30,d,6.6,0.56,3.07,1,2,22,-100,60,0.4133351466,0.5101594899,1,1,d,40.0,10,correct,correct,1,0
19,4,4,1,1,1,1,1,0,1,4,38,4,42,k,5.67,0.68,3.71,10,12,32,-100,60,0.3005612452,0.4501795836,1,1,k,50.0,10,correct,correct,1,0
25,5,5,1,1,0,1,-1,0,1,4,34,0,34,d,6.02,0.62,4.95,10,11,31,-100,60,0.3532018572,0.4901769265,1,1,d,40.0,10,correct,correct,1,0
31,6,6,1,1,0,1,-1,0,1,4,31,0,31,d,4.57,0.56,4.93,10,11,31,-100,60,0.3343836367,0.4501467973,1,1,d,40.0,10,correct,correct,1,0
37,7,7,1,1,0,1,-1,0,1,4,57,0,57,d,5.9,0.67,4.76,10,11,31,-100,60,0.3392973117,0.4400927939,1,1,d,40.0,10,correct,correct,1,0
43,8,8,1,1,0,1,-1,0,1,4,42,0,42,d,5.18,0.53,4.43,10,11,31,-100,60,0.4246997484,0.5702329085,1,1,d,40.0,10,correct,correct,1,0
49,9,9,1,1,1,1,1,0,1,4,43,4,47,k,4.51,0.48,3.2,10,12,32,-100,60,0.4050789752,0.4901672332,1,1,k,50.0,10,correct,correct,1,0
55,10,10,1,1,0,1,-1,0,1,4,51,0,51,d,4.13,0.63,4.93,10,11,31,-100,60,0.42680007,0.5801999568,1,1,d,40.0,10,correct,correct,1,0
61,11,11,1,0,1,-1,1,0,1,4,-31,4,-27,k,4.47,0.6,3.1,1,3,23,-100,60,0.1992103908,0.3501513018,1,1,k,50.0,10,correct,correct,1,0
67,12,12,1,0,0,-1,-1,0,1,4,-53,0,-53,d,6.39,0.62,3.56,1,2,22,-100,60,0.6000436771,0.7604224934,1,1,d,40.0,10,correct,correct,1,0
73,13,13,1,1,0,1,-1,1,3,12,37,0,37,d,4.41,0.7,4.45,10,11,31,-100,60,0.5235240586,0.6702760154,1,1,d,40.0,10,correct,correct,1,0
79,14,14,1,0,1,-1,1,0,3,12,-30,12,-18,k,5.58,0.4,4.83,1,3,23,-100,60,0.5666312574,0.7603218536,1,1,k,50.0,10,correct,correct,1,0
85,15,15,1,0,0,-1,-1,0,3,12,-44,0,-44,d,4.69,0.63,4.38,1,2,22,-100,60,0.4040819852,0.5702066794,1,1,d,40.0,10,correct,correct,1,0
91,16,16,1,0,0,-1,-1,0,3,12,-50,0,-50,d,6.32,0.58,3.51,1,2,22,-100,60,0.515226833,0.6602419689,1,1,d,40.0,10,correct,correct,1,0
97,17,17,1,0,1,-1,1,0,3,12,-57,12,-45,k,6.38,0.5,4.83,1,3,23,-100,60,0.3675334806,0.500286239,1,1,k,50.0,10,correct,correct,1,0
103,18,18,1,0,1,-1,1,0,3,12,-41,12,-29,k,4.81,0.58,3.2,1,3,23,-100,60,0.2678878011,0.3801205853,1,1,k,50.0,10,correct,correct,1,0
109,19,19,1,0,0,-1,-1,0,3,12,-55,0,-55,d,6.42,0.51,3.39,1,2,22,-100,61,0.4370051757,0.5401952013,0,1,k,50.0,10,incorrect,correct,0,1
115,20,20,1,0,1,-1,1,0,3,12,-47,12,-35,k,4.64,0.59,4.82,1,3,23,-100,60,0.3625796067,0.5301970773,1,1,k,50.0,10,correct,incorrect,1,0
121,21,21,1,1,1,1,1,0,3,12,48,12,60,k,5.05,0.4,3.25,10,12,32,-100,60,0.3325744008,0.4501764475,1,1,k,50.0,10,correct,correct,1,0
127,22,22,1,1,0,1,-1,0,3,12,46,0,46,d,6.61,0.44,3.92,10,11,31,-100,60,0.4255613164,0.5702015476,1,1,d,40.0,10,correct,correct,1,0
133,23,23,1,1,0,1,-1,0,3,12,50,0,50,d,5.38,0.46,4.53,10,11,31,-100,60,0.4226324982,0.5601980067,1,1,d,40.0,10,correct,correct,1,0
139,24,24,1,0,1,-1,1,0,3,12,-47,12,-35,k,5.02,0.44,4.73,1,3,23,-100,60,0.4919436828,0.6602368371,1,1,k,50.0,10,correct,correct,1,0
145,25,25,1,1,0,1,-1,0,3,12,47,0,47,d,6.56,0.66,4.51,10,11,31,-100,61,0.7245126096,0.8403518915,0,1,k,50.0,10,incorrect,correct,0,1
151,26,26,1,0,1,-1,1,0,3,12,-58,12,-46,k,5.37,0.5,3.92,1,3,23,-100,60,0.311538683,0.4301437068,1,1,k,50.0,10,correct,incorrect,1,0
157,27,27,1,1,1,1,1,0,3,12,54,12,66,k,4.39,0.63,3.79,10,12,32,-100,61,0.3558484279,0.4901549739,0,1,d,40.0,10,incorrect,correct,0,1
163,28,28,1,0,0,-1,-1,1,0,2,-46,0,-46,d,5.57,0.55,3.15,1,2,22,-100,61,0.3076564949,0.4401426862,0,1,k,50.0,10,incorrect,incorrect,0,1
169,29,29,1,1,0,1,-1,0,0,2,35,0,35,d,4.54,0.67,3.57,10,11,31,-100,60,0.2977689891,0.430141426,1,1,d,40.0,10,correct,incorrect,1,0
175,30,30,1,1,0,1,-1,0,0,2,34,0,34,d,6.77,0.45,3.92,10,11,31,-100,60,0.4105026916,0.5802241902,1,1,d,40.0,10,correct,correct,1,0
181,31,31,1,0,1,-1,1,0,0,2,-46,2,-44,k,5.65,0.65,4.34,1,3,23,-100,60,0.4417386683,0.5701964159,1,1,k,50.0,10,correct,correct,1,0
187,32,32,1,1,1,1,1,0,0,2,32,2,34,k,5.85,0.67,4.74,10,12,32,-100,61,0.4282438095,0.6702763005,0,1,d,40.0,10,incorrect,correct,0,1
193,33,33,1,0,1,-1,1,0,0,2,-35,2,-33,k,6.88,0.48,4.92,1,3,23,-100,60,0.3502060408,0.53019052,1,1,k,50.0,10,correct,incorrect,1,0
199,34,34,1,1,1,1,1,0,0,2,46,2,48,k,5.4,0.62,4.81,10,12,32,-100,60,0.3853604131,0.5302059153,1,1,k,50.0,10,correct,correct,1,0
205,35,35,1,1,1,1,1,0,0,2,58,2,60,k,6.7,0.58,3.39,10,12,32,-100,60,0.3144275875,0.4201418765,1,1,k,50.0,10,correct,correct,1,0
211,36,36,1,0,1,-1,1,0,0,2,-60,2,-58,k,5.72,0.64,4.28,1,3,23,-100,60,0.3093659463,0.4401386948,1,1,k,50.0,10,correct,correct,1,0
217,37,37,1,0,0,-1,-1,0,0,2,-51,0,-51,d,4.57,0.53,3.23,1,2,22,-100,61,0.4618771806,0.6102191325,0,1,k,50.0,10,incorrect,correct,0,1
223,38,38,1,1,0,1,-1,0,0,2,57,0,57,d,4.89,0.47,3.02,10,11,31,-100,60,0.9161105818,1.0504077196,1,1,d,40.0,10,correct,incorrect,1,0
229,39,39,1,0,1,-1,1,0,0,2,-49,2,-47,k,6.46,0.66,3.13,1,3,23,-100,60,0.6070234619,0.7603007563,1,1,k,50.0,10,correct,correct,1,0
235,40,40,1,0,0,-1,-1,1,2,8,-58,0,-58,d,6.39,0.65,3.13,1,2,22,-100,60,0.278266817,0.4101374803,1,1,d,40.0,10,correct,correct,1,0
241,41,41,1,1,0,1,-1,0,2,8,58,0,58,d,6.5,0.63,4.18,10,11,31,-100,61,0.0230904236,0.1899771864,0,1,k,50.0,10,incorrect,correct,0,1
247,42,42,1,0,1,-1,1,0,2,8,-54,8,-46,k,6.75,0.67,3.25,1,3,23,-100,60,0.5324462204,0.650281763,1,1,k,50.0,10,correct,incorrect,1,0
253,43,43,1,1,1,1,1,0,2,8,51,8,59,k,6.39,0.61,3.91,10,12,32,-100,60,0.4050014283,0.5201524822,1,1,k,50.0,10,correct,correct,1,0
259,44,44,1,0,1,-1,1,0,2,8,-37,8,-29,k,4.49,0.62,3.16,1,3,23,-100,61,0.4575342731,0.6402468612,0,1,d,40.0,10,incorrect,correct,0,1
265,45,45,1,0,0,-1,-1,0,2,8,-58,0,-58,d,5.07,0.5,4.12,1,2,22,-100,61,0.3450092629,0.4501815793,0,1,k,50.0,10,incorrect,incorrect,0,1
271,46,46,1,0,0,-1,-1,0,2,8,-37,0,-37,d,5.47,0.67,4.57,1,2,22,-100,61,0.3940824357,0.4901680885,0,1,k,50.0,10,incorrect,incorrect,0,1
277,47,47,1,0,1,-1,1,0,2,8,-38,8,-30,k,6.73,0.53,4.53,1,3,23,-100,60,0.330444714,0.4601759971,1,1,k,50.0,10,correct,incorrect,1,0
283,48,48,1,1,1,1,1,0,2,8,36,8,44,k,4.46,0.49,4.23,10,12,32,-100,60,0.4283595596,0.6102316769,1,1,k,50.0,10,correct,correct,1,0
289,49,49,1,1,1,1,1,0,2,8,41,8,49,k,5.99,0.61,3.23,10,12,32,-100,60,0.4778241728,0.610223409,1,1,k,50.0,10,correct,correct,1,0
295,50,50,1,1,0,1,-1,0,2,8,44,0,44,d,4.81,0.54,3.63,10,11,31,-100,60,0.4276305623,0.5902040679,1,1,d,40.0,10,correct,correct,1,0
301,51,51,1,1,1,1,1,0,2,8,49,8,57,k,6.28,0.54,3.58,10,12,32,-100,60,0.7008836347,0.9504227728,1,1,k,50.0,10,correct,correct,1,0
307,52,52,1,0,0,-1,-1,0,2,8,-31,0,-31,d,4.11,0.61,4.99,1,2,22,-100,61,0.4122928259,0.5302184597,0,1,k,50.0,10,incorrect,correct,0,1
313,53,53,1,0,1,-1,1,1,3,12,-45,12,-33,k,6.99,0.46,3.58,1,3,23,-100,60,0.4130346526,0.5502292478,1,1,k,50.0,10,correct,incorrect,1,0
319,54,54,1,0,0,-1,-1,0,3,12,-54,0,-54,d,4.17,0.52,4.41,1,2,22,-100,60,0.3728063798,0.5101854339,1,1,d,40.0,10,correct,correct,1,0
325,55,55,1,1,0,1,-1,0,3,12,57,0,57,d,6.4,0.65,3.3,10,11,31,-100,60,0.5242459284,0.6202796932,1,1,d,40.0,10,correct,correct,1,0
331,56,56,1,0,0,-1,-1,0,3,12,-46,0,-46,d,6.36,0.65,4.43,1,2,22,-100,60,0.568783467,0.7002797958,1,1,d,40.0,10,correct,correct,1,0
337,57,57,1,0,0,-1,-1,0,3,12,-56,0,-56,d,6.2,0.41,3.98,1,2,22,-100,61,0.3118254923,0.4901911814,0,1,k,50.0,10,incorrect,correct,0,1
343,58,58,1,1,0,1,-1,0,3,12,52,0,52,d,5.4,0.57,3.93,10,11,31,-100,61,0.4373336093,0.5902417009,0,1,k,50.0,10,incorrect,incorrect,0,1
349,59,59,1,1,1,1,1,0,3,12,43,12,55,k,6.15,0.52,3.03,10,12,32,-100,60,0.642578968,0.8403975073,1,1,k,50.0,10,correct,incorrect,1,0
355,60,60,1,1,1,1,1,0,3,12,57,12,69,k,4.47,0.45,3.75,10,12,32,-100,60,0.4867483303,0.5902123358,1,1,k,50.0,10,correct,correct,1,0
361,61,61,1,0,0,-1,-1,0,3,12,-50,0,-50,d,4.31,0.57,4.6,1,2,22,-100,62,,,-1,0,,,10,timed out,correct,0,0
366,62,62,1,0,1,-1,1,0,3,12,-56,12,-44,k,5.4,0.55,4.12,1,3,23,-100,60,0.4111755244,0.5902445519,1,1,k,50.0,10,correct,timed out,1,0
372,63,63,1,0,0,-1,-1,0,3,12,-39,0,-39,d,5.39,0.54,3.21,1,2,22,-100,61,0.3229104123,0.5001616509,0,1,k,50.0,10,incorrect,correct,0,1
378,64,64,1,1,1,1,1,0,3,12,58,12,70,k,5.01,0.55,4.2,10,12,32,-100,60,0.3765996172,0.5402080308,1,1,k,50.0,10,correct,incorrect,1,0
384,1,65,2,0,1,-1,1,0,1,4,-48,4,-44,k,4.87,0.46,4.78,1,3,23,-100,60,0.5201878344,0.6803733538,1,1,k,50.0,10,correct,correct,1,0
390,2,66,2,0,0,-1,-1,0,1,4,-52,0,-52,d,6.78,0.65,4.91,1,2,22,-100,60,0.5805229735,0.7403866166,1,1,d,40.0,10,correct,correct,1,0
396,3,67,2,1,1,1,1,0,1,4,48,4,52,k,6.87,0.49,3.74,10,12,32,-100,61,0.7490433515,0.9103601423,0,1,d,40.0,10,incorrect,correct,0,1
402,4,68,2,0,0,-1,-1,0,1,4,-39,0,-39,d,6.99,0.55,4.44,1,2,22,-100,60,0.4110024695,0.5601771945,1,1,d,40.0,10,correct,incorrect,1,0
408,5,69,2,1,1,1,1,0,1,4,45,4,49,k,6.15,0.5,4.3,10,12,32,-100,60,0.4619575785,0.5801905485,1,1,k,50.0,10,correct,correct,1,0
414,6,70,2,0,1,-1,1,0,1,4,-57,4,-53,k,5.3,0.44,4.58,1,3,23,-100,61,0.9472077155,1.0605344231,0,1,d,40.0,10,incorrect,correct,0,1
420,7,71,2,1,0,1,-1,0,1,4,55,0,55,d,4.65,0.46,4.49,10,11,31,-100,61,0.1785341825,0.3301025956,0,1,k,50.0,10,incorrect,incorrect,0,1
426,8,72,2,1,1,1,1,0,1,4,44,4,48,k,5.07,0.56,3.14,10,12,32,-100,60,0.4487446822,0.6102014564,1,1,k,50.0,10,correct,incorrect,1,0
432,9,73,2,1,1,1,1,0,1,4,39,4,43,k,6.09,0.42,4.14,10,12,32,-100,61,0.4078980305,0.5602635794,0,1,d,40.0,10,incorrect,correct,0,1
438,10,74,2,1,0,1,-1,0,1,4,56,0,56,d,4.72,0.51,4.59,10,11,31,-100,61,0.6031005047,0.7203142471,0,1,k,50.0,10,incorrect,incorrect,0,1
444,11,75,2,0,1,-1,1,0,1,4,-58,4,-54,k,5.3,0.67,3.2,1,3,23,-100,61,1.1329389279,1.2205679849,0,1,d,40.0,10,incorrect,incorrect,0,1
450,12,76,2,0,0,-1,-1,0,1,4,-52,0,-52,d,6.3,0.42,3.71,1,2,22,-100,61,0.307928479,0.4101243657,0,1,k,50.0,10,incorrect,incorrect,0,1
456,13,77,2,1,1,1,1,0,1,4,36,4,40,k,6.05,0.62,3.56,10,12,32,-100,60,0.5891711555,0.7102796304,1,1,k,50.0,10,correct,incorrect,1,0
462,14,78,2,0,0,-1,-1,0,1,4,-56,0,-56,d,6.87,0.68,3.79,1,2,22,-100,61,0.6218825177,0.720307975,0,1,k,50.0,10,incorrect,correct,0,1
468,15,79,2,1,0,1,-1,1,2,8,46,0,46,d,6.27,0.43,4.77,10,11,31,-100,60,0.5142389663,0.6603055459,1,1,d,40.0,10,correct,incorrect,1,0
474,16,80,2,1,0,1,-1,0,2,8,55,0,55,d,4.49,0.67,3.08,10,11,31,-100,61,0.4946290268,0.6102082988,0,1,k,50.0,10,incorrect,correct,0,1
480,17,81,2,1,0,1,-1,0,2,8,45,0,45,d,6.7,0.45,3.8,10,11,31,-100,60,0.3193332797,0.4701721255,1,1,d,40.0,10,correct,incorrect,1,0
486,18,82,2,1,1,1,1,0,2,8,35,8,43,k,6.42,0.42,5.0,10,12,32,-100,60,0.3858724503,0.550218129,1,1,k,50.0,10,correct,correct,1,0
492,19,83,2,0,1,-1,1,0,2,8,-43,8,-35,k,4.97,0.68,4.03,1,3,23,-100,60,0.5174888056,0.6502820481,1,1,k,50.0,10,correct,correct,1,0
498,20,84,2,0,1,-1,1,0,2,8,-34,8,-26,k,5.26,0.41,5.0,1,3,23,-100,60,0.3903772938,0.480154284,1,1,k,50.0,10,correct,correct,1,0
504,21,85,2,0,1,-1,1,0,2,8,-47,8,-39,k,5.85,0.54,3.07,1,3,23,-100,60,0.6200231044,0.6602282842,1,1,k,50.0,10,correct,correct,1,0
510,22,86,2,0,0,-1,-1,0,2,8,-51,0,-51,d,6.19,0.6,3.76,1,2,22,-100,61,0.4592633964,0.560224806,0,1,k,50.0,10,incorrect,correct,0,1
516,23,87,2,0,1,-1,1,0,2,8,-51,8,-43,k,5.54,0.67,3.64,1,3,23,-100,60,0.4905025092,0.5902086295,1,1,k,50.0,10,correct,incorrect,1,0
522,24,88,2,1,0,1,-1,0,2,8,44,0,44,d,5.45,0.56,4.75,10,11,31,-100,60,0.3974691224,0.4802010402,1,1,d,40.0,10,correct,correct,1,0
528,25,89,2,0,1,-1,1,0,2,8,-49,8,-41,k,5.06,0.51,4.29,1,3,23,-100,60,0.4131817635,0.5302153236,1,1,k,50.0,10,correct,correct,1,0
534,26,90,2,0,1,-1,1,0,2,8,-31,8,-23,k,4.73,0.44,4.14,1,3,23,-100,60,0.4707009834,0.60021103,1,1,k,50.0,10,correct,correct,1,0
540,27,91,2,0,0,-1,-1,1,0,2,-48,0,-48,d,5.79,0.55,3.05,1,2,22,-100,60,0.4485473939,0.5802062289,1,1,d,40.0,10,correct,correct,1,0
546,28,92,2,1,1,1,1,0,0,2,40,2,42,k,6.43,0.42,3.27,10,12,32,-100,61,0.6860148856,0.8003231878,0,1,d,40.0,10,incorrect,correct,0,1
552,29,93,2,1,0,1,-1,0,0,2,60,0,60,d,4.88,0.43,4.66,10,11,31,-100,61,0.3411467465,0.4901452806,0,1,k,50.0,10,incorrect,incorrect,0,1
558,30,94,2,0,0,-1,-1,0,0,2,-47,0,-47,d,5.31,0.41,4.82,1,2,22,-100,61,0.4883445976,0.6102216984,0,1,k,50.0,10,incorrect,incorrect,0,1
564,31,95,2,0,0,-1,-1,0,0,2,-44,0,-44,d,6.68,0.46,4.19,1,2,22,-100,61,0.6207874538,0.7102981619,0,1,k,50.0,10,incorrect,incorrect,0,1
570,32,96,2,0,0,-1,-1,0,0,2,-46,0,-46,d,6.57,0.69,3.17,1,2,22,-100,60,1.0581638279,1.1605453139,1,1,d,40.0,10,correct,incorrect,1,0
576,33,97,2,1,1,1,1,0,0,2,47,2,49,k,5.32,0.54,3.98,10,12,32,-100,60,0.3871753511,0.520166452,1,1,k,50.0,10,correct,correct,1,0
582,34,98,2,1,1,1,1,0,0,2,45,2,47,k,5.14,0.5,4.55,10,12,32,-100,60,0.4865319405,0.6402639671,1,1,k,50.0,10,correct,correct,1,0
588,35,99,2,1,0,1,-1,0,0,2,49,0,49,d,5.59,0.69,4.25,10,11,31,-100,60,0.605647861,0.7403692255,1,1,d,40.0,10,correct,correct,1,0
594,36,100,2,1,1,1,1,0,0,2,35,2,37,k,5.53,0.64,4.81,10,12,32,-100,60,0.5522554438,0.6703093719,1,1,k,50.0,10,correct,correct,1,0
600,37,101,2,1,1,1,1,0,0,2,50,2,52,k,5.85,0.67,4.92,10,12,32,-100,61,0.4249047343,0.6102293961,0,1,d,40.0,10,incorrect,correct,0,1
606,38,102,2,1,0,1,-1,0,0,2,37,0,37,d,6.97,0.58,3.88,10,11,31,-100,61,0.4675386694,0.6202258095,0,1,k,50.0,10,incorrect,incorrect,0,1
612,39,103,2,1,0,1,-1,0,0,2,52,0,52,d,4.92,0.61,4.97,10,11,31,-100,60,0.5304972861,0.6802424935,1,1,d,40.0,10,correct,incorrect,1,0
618,40,104,2,1,0,1,-1,1,3,12,45,0,45,d,6.5,0.65,3.69,10,11,31,-100,60,0.6674389989,0.7703134203,1,1,d,40.0,10,correct,correct,1,0
624,41,105,2,0,0,-1,-1,0,3,12,-37,0,-37,d,4.92,0.44,3.74,1,2,22,-100,61,0.3911362264,0.5402388214,0,1,k,50.0,10,incorrect,correct,0,1
630,42,106,2,0,1,-1,1,0,3,12,-53,12,-41,k,6.99,0.66,4.2,1,3,23,-100,60,0.6656149378,0.8803996969,1,1,k,50.0,10,correct,incorrect,1,0
636,43,107,2,1,1,1,1,0,3,12,37,12,49,k,5.83,0.46,4.98,10,12,32,-100,60,0.6040555851,0.6902873737,1,1,k,50.0,10,correct,correct,1,0
642,44,108,2,0,0,-1,-1,0,3,12,-49,0,-49,d,5.9,0.58,3.7,1,2,22,-100,61,0.4412505795,0.5401381816,0,1,k,50.0,10,incorrect,correct,0,1
648,45,109,2,0,1,-1,1,0,3,12,-46,12,-34,k,4.78,0.46,3.9,1,3,23,-100,60,0.4254410048,0.5302295785,1,1,k,50.0,10,correct,incorrect,1,0
654,46,110,2,0,0,-1,-1,0,3,12,-47,0,-47,d,4.64,0.66,4.62,1,2,22,-100,61,0.5706471568,0.6402217725,0,1,k,50.0,10,incorrect,correct,0,1
660,47,111,2,1,0,1,-1,0,3,12,50,0,50,d,4.03,0.69,3.48,10,11,31,-100,60,0.4831894441,0.5803350935,1,1,d,40.0,10,correct,incorrect,1,0
666,48,112,2,1,0,1,-1,0,3,12,53,0,53,d,6.42,0.66,3.04,10,11,31,-100,60,0.4102874421,0.5402416724,1,1,d,40.0,10,correct,correct,1,0
672,49,113,2,1,0,1,-1,0,3,12,39,0,39,d,6.61,0.49,3.67,10,11,31,-100,61,0.485299174,0.5702220747,0,1,k,50.0,10,incorrect,correct,0,1
678,50,114,2,1,1,1,1,0,3,12,39,12,51,k,6.63,0.44,4.89,10,12,32,-100,60,1.093574504,1.2605764466,1,1,k,50.0,10,correct,incorrect,1,0
684,51,115,2,1,0,1,-1,0,3,12,43,0,43,d,4.4,0.66,4.96,10,11,31,-100,60,0.6126957844,0.7302818656,1,1,d,40.0,10,correct,correct,1,0
690,52,116,2,0,1,-1,1,0,3,12,-44,12,-32,k,4.41,0.47,3.49,1,3,23,-100,60,0.5889100052,0.6902528768,1,1,k,50.0,10,correct,correct,1,0
696,53,117,2,0,0,-1,-1,1,0,2,-40,0,-40,d,4.48,0.61,4.84,1,2,22,-100,60,0.3782677293,0.4601668739,1,1,d,40.0,10,correct,correct,1,0
702,54,118,2,1,0,1,-1,0,0,2,55,0,55,d,4.65,0.44,4.09,10,11,31,-100,60,0.3482243202,0.4501465122,1,1,d,40.0,10,correct,correct,1,0
708,55,119,2,0,1,-1,1,0,0,2,-59,2,-57,k,4.05,0.65,4.68,1,3,23,-100,60,0.4478936628,0.5301853882,1,1,k,50.0,10,correct,correct,1,0
714,56,120,2,0,1,-1,1,0,0,2,-48,2,-46,k,5.41,0.56,4.73,1,3,23,-100,60,0.4908868221,0.5902305821,1,1,k,50.0,10,correct,correct,1,0
720,57,121,2,1,1,1,1,0,0,2,49,2,51,k,6.9,0.65,3.52,10,12,32,-100,61,0.2157928679,0.330080643,0,1,d,40.0,10,incorrect,correct,0,1
726,58,122,2,1,1,1,1,0,0,2,59,2,61,k,5.93,0.59,4.79,10,12,32,-100,61,0.4404562947,0.5702149473,0,1,d,40.0,10,incorrect,incorrect,0,1
732,59,123,2,1,1,1,1,0,0,2,35,2,37,k,5.89,0.66,3.48,10,12,32,-100,61,0.2920222559,0.3801011986,0,1,d,40.0,10,incorrect,incorrect,0,1
738,60,124,2,0,0,-1,-1,0,0,2,-56,0,-56,d,5.75,0.66,3.14,1,2,22,-100,61,0.5635761404,0.6802781308,0,1,k,50.0,10,incorrect,incorrect,0,1
744,61,125,2,0,1,-1,1,0,0,2,-41,2,-39,k,4.71,0.61,3.97,1,3,23,-100,60,0.3634035417,0.430155681,1,1,k,50.0,10,correct,incorrect,1,0
750,62,126,2,0,0,-1,-1,0,0,2,-56,0,-56,d,4.32,0.6,3.34,1,2,22,-100,60,0.2915680938,0.3800581487,1,1,d,40.0,10,correct,correct,1,0
756,63,127,2,0,0,-1,-1,0,0,2,-46,0,-46,d,4.9,0.5,3.33,1,2,22,-100,61,0.7118704808,0.8303249725,0,1,k,50.0,10,incorrect,correct,0,1
762,64,128,2,0,1,-1,1,0,0,2,-53,2,-51,k,6.99,0.44,4.7,1,3,23,-100,61,0.4160815017,0.5201730093,0,1,d,40.0,10,incorrect,incorrect,0,1
768,1,129,3,0,1,-1,1,0,0,2,-60,2,-58,k,4.71,0.62,4.51,1,3,23,-100,60,0.5391143924,0.6701665375,1,1,k,50.0,10,correct,incorrect,1,0
774,2,130,3,1,1,1,1,0,0,2,31,2,33,k,5.96,0.51,4.21,10,12,32,-100,61,0.2960047988,0.410154016,0,1,d,40.0,10,incorrect,correct,0,1
780,3,131,3,0,0,-1,-1,0,0,2,-35,0,-35,d,4.38,0.5,4.05,1,2,22,-100,61,0.3579504601,0.4701923675,0,1,k,50.0,10,incorrect,incorrect,0,1
786,4,132,3,0,1,-1,1,0,0,2,-34,2,-32,k,6.39,0.52,4.56,1,3,23,-100,60,0.6128474568,0.7103089956,1,1,k,50.0,10,correct,incorrect,1,0
792,5,133,3,0,1,-1,1,0,0,2,-39,2,-37,k,6.64,0.56,3.03,1,3,23,-100,61,0.3439161947,0.4401472477,0,1,d,40.0,10,incorrect,correct,0,1
798,6,134,3,0,1,-1,1,0,0,2,-43,2,-41,k,5.51,0.57,4.8,1,3,23,-100,60,0.4668920656,0.550166241,1,1,k,50.0,10,correct,incorrect,1,0
804,7,135,3,0,0,-1,-1,0,0,2,-50,0,-50,d,5.55,0.42,3.07,1,2,22,-100,60,0.6206277986,0.720302273,1,1,d,40.0,10,correct,correct,1,0
810,8,136,3,1,1,1,1,0,0,2,52,2,54,k,6.4,0.7,4.65,10,12,32,-100,60,0.5209844,0.6102593314,1,1,k,50.0,10,correct,correct,1,0
816,9,137,3,0,1,-1,1,0,0,2,-43,2,-41,k,5.69,0.62,3.15,1,3,23,-100,60,0.4126546161,0.5100092429,1,1,k,50.0,10,correct,correct,1,0
822,10,138,3,0,0,-1,-1,0,0,2,-60,0,-60,d,5.53,0.61,4.36,1,2,22,-100,61,0.3561395136,0.490169799,0,1,k,50.0,10,incorrect,correct,0,1
828,11,139,3,1,1,1,1,0,0,2,52,2,54,k,4.29,0.45,4.23,10,12,32,-100,60,0.6340254388,0.7702968846,1,1,k,50.0,10,correct,incorrect,1,0
834,12,140,3,1,1,1,1,0,0,2,51,2,53,k,4.6,0.61,3.81,10,12,32,-100,60,0.3938971216,0.5101612005,1,1,k,50.0,10,correct,correct,1,0
840,13,141,3,0,0,-1,-1,1,1,4,-40,0,-40,d,6.05,0.41,4.53,1,2,22,-100,61,0.3805815898,0.4801762366,0,1,k,50.0,10,incorrect,correct,0,1
846,14,142,3,1,0,1,-1,0,1,4,46,0,46,d,4.82,0.63,4.35,10,11,31,-100,60,0.3603219106,0.4901640971,1,1,d,40.0,10,correct,incorrect,1,0
852,15,143,3,1,0,1,-1,0,1,4,44,0,44,d,4.92,0.63,4.24,10,11,31,-100,60,0.2877777075,0.4001336542,1,1,d,40.0,10,correct,correct,1,0
858,16,144,3,1,0,1,-1,0,1,4,57,0,57,d,4.57,0.68,4.86,10,11,31,-100,60,0.3629949954,0.4801873554,1,1,d,40.0,10,correct,correct,1,0
864,17,145,3,1,0,1,-1,0,1,4,58,0,58,d,5.23,0.56,3.54,10,11,31,-100,60,0.4350975807,0.5402168688,1,1,d,40.0,10,correct,correct,1,0
870,18,146,3,1,1,1,1,0,1,4,40,4,44,k,5.17,0.69,3.86,10,12,32,-100,60,0.4405304203,0.5902231695,1,1,k,50.0,10,correct,correct,1,0
876,19,147,3,0,0,-1,-1,0,1,4,-49,0,-49,d,5.18,0.5,3.67,1,2,22,-100,60,0.8303135686,0.930372641,1,1,d,40.0,10,correct,correct,1,0
882,20,148,3,0,1,-1,1,0,1,4,-33,4,-29,k,4.4,0.62,3.6,1,3,23,-100,60,0.5062864249,0.6902899396,1,1,k,50.0,10,correct,correct,1,0
888,21,149,3,1,0,1,-1,0,1,4,40,0,40,d,5.02,0.59,4.93,10,11,31,-100,60,0.4732075706,0.6902619999,1,1,d,40.0,10,correct,correct,1,0
894,22,150,3,1,1,1,1,0,1,4,58,4,62,k,6.83,0.6,4.24,10,12,32,-100,60,0.511599238,0.740298236,1,1,k,50.0,10,correct,correct,1,0
900,23,151,3,1,1,1,1,0,1,4,45,4,49,k,4.42,0.58,3.09,10,12,32,-100,60,0.4380318159,0.5601643651,1,1,k,50.0,10,correct,correct,1,0
906,24,152,3,1,1,1,1,0,1,4,51,4,55,k,4.82,0.51,3.03,10,12,32,-100,60,0.4302990856,0.6002563607,1,1,k,50.0,10,correct,correct,1,0
912,25,153,3,1,1,1,1,0,1,4,32,4,36,k,4.02,0.61,4.91,10,12,32,-100,61,0.4700201679,0.6002204383,0,1,d,40.0,10,incorrect,correct,0,1
918,26,154,3,0,1,-1,1,0,1,4,-42,4,-38,k,6.3,0.63,3.57,1,3,23,-100,60,0.2809823815,0.4101600031,1,1,k,50.0,10,correct,incorrect,1,0
924,27,155,3,1,0,1,-1,1,3,12,46,0,46,d,6.6,0.7,4.77,10,11,31,-100,60,0.4114626187,0.5902297268,1,1,d,40.0,10,correct,correct,1,0
930,28,156,3,1,0,1,-1,0,3,12,34,0,34,d,6.15,0.59,4.85,10,11,31,-100,60,0.617937893,0.7502937941,1,1,d,40.0,10,correct,correct,1,0
936,29,157,3,1,1,1,1,0,3,12,58,12,70,k,6.37,0.68,3.23,10,12,32,-100,60,0.4349553165,0.7103169784,1,1,k,50.0,10,correct,correct,1,0
942,30,158,3,0,1,-1,1,0,3,12,-36,12,-24,k,6.67,0.43,4.77,1,3,23,-100,60,0.5774327894,0.8203835831,1,1,k,50.0,10,correct,correct,1,0
948,31,159,3,1,1,1,1,0,3,12,57,12,69,k,6.18,0.5,3.02,10,12,32,-100,60,0.6969640987,0.8503773851,1,1,k,50.0,10,correct,correct,1,0
954,32,160,3,1,0,1,-1,0,3,12,47,0,47,d,4.92,0.47,4.76,10,11,31,-100,60,0.5220692003,0.5902425562,1,1,d,40.0,10,correct,correct,1,0
960,33,161,3,1,1,1,1,0,3,12,45,12,57,k,6.88,0.53,4.49,10,12,32,-100,60,0.4560905336,0.6003621323,1,1,k,50.0,10,correct,correct,1,0
966,34,162,3,0,1,-1,1,0,3,12,-47,12,-35,k,4.3,0.61,3.73,1,3,23,-100,60,0.2984264266,0.420175233,1,1,k,50.0,10,correct,correct,1,0
972,35,163,3,0,0,-1,-1,0,3,12,-48,0,-48,d,6.95,0.55,4.91,1,2,22,-100,60,0.6286858264,0.750322304,1,1,d,40.0,10,correct,correct,1,0
978,36,164,3,0,0,-1,-1,0,3,12,-58,0,-58,d,4.16,0.67,3.17,1,2,22,-100,61,0.4008255886,0.5501642453,0,1,k,50.0,10,incorrect,correct,0,1
984,37,165,3,0,1,-1,1,0,3,12,-48,12,-36,k,6.09,0.52,3.9,1,3,23,-100,60,0.5020863518,0.6502603806,1,1,k,50.0,10,correct,incorrect,1,0
990,38,166,3,0,0,-1,-1,0,3,12,-42,0,-42,d,5.85,0.41,4.21,1,2,22,-100,61,0.4793163791,0.6102627526,0,1,k,50.0,10,incorrect,correct,0,1
1002,40,168,3,0,1,-1,1,0,2,8,-40,8,-32,k,5.12,0.7,4.67,1,3,23,-100,60,0.6198186887,0.7703082886,1,1,k,50.0,10,correct,incorrect,1,0
1008,41,169,3,1,1,1,1,0,2,8,45,8,53,k,5.91,0.68,4.2,10,12,32,-100,60,0.7745203358,0.9204509234,1,1,k,50.0,10,correct,correct,1,0
1014,42,170,3,0,1,-1,1,0,2,8,-54,8,-46,k,4.89,0.57,4.82,1,3,23,-100,60,0.4518214667,0.6302550093,1,1,k,50.0,10,correct,correct,1,0
1020,43,171,3,1,0,1,-1,0,2,8,54,0,54,d,4.03,0.65,3.01,10,11,31,-100,60,0.4744734086,0.590189813,1,1,d,40.0,10,correct,correct,1,0
1026,44,172,3,0,0,-1,-1,0,2,8,-41,0,-41,d,4.93,0.53,3.38,1,2,22,-100,61,0.1903389766,0.3401041408,0,1,k,50.0,10,incorrect,correct,0,1
1032,45,173,3,1,0,1,-1,0,2,8,47,0,47,d,4.47,0.41,4.4,10,11,31,-100,60,0.3341837826,0.4501764475,1,1,d,40.0,10,correct,incorrect,1,0
1038,46,174,3,0,1,-1,1,0,2,8,-31,8,-23,k,6.28,0.59,4.73,1,3,23,-100,60,0.5168516102,0.9904243921,1,1,k,50.0,10,correct,correct,1,0
1044,47,175,3,1,1,1,1,0,2,8,55,8,63,k,4.34,0.6,3.46,10,12,32,-100,60,0.2889363483,0.3901007482,1,1,k,50.0,10,correct,correct,1,0
1050,48,176,3,0,1,-1,1,0,2,8,-35,8,-27,k,5.7,0.62,3.83,1,3,23,-100,60,0.4143056223,0.5102267732,1,1,k,50.0,10,correct,correct,1,0
1056,49,177,3,0,0,-1,-1,0,2,8,-52,0,-52,d,6.32,0.53,3.76,1,2,22,-100,61,0.3913255319,0.5402182943,0,1,k,50.0,10,incorrect,correct,0,1
1062,50,178,3,1,1,1,1,0,2,8,35,8,43,k,4.81,0.66,4.21,10,12,32,-100,62,,,-1,0,,,10,timed out,incorrect,0,0
1067,51,179,3,1,0,1,-1,1,3,12,56,0,56,d,5.06,0.49,4.2,10,11,31,-100,62,,,-1,0,,,10,timed out,timed out,0,0
1072,52,180,3,0,0,-1,-1,0,3,12,-41,0,-41,d,5.37,0.57,4.27,1,2,22,-100,61,0.5068289676,0.6402605459,0,1,k,50.0,10,incorrect,timed out,0,1
1078,53,181,3,0,0,-1,-1,0,3,12,-51,0,-51,d,5.75,0.59,4.23,1,2,22,-100,60,0.3738372965,0.4701370583,1,1,d,40.0,10,correct,incorrect,1,0
1084,54,182,3,0,0,-1,-1,0,3,12,-44,0,-44,d,6.37,0.55,4.96,1,2,22,-100,61,0.5442433169,0.6802533272,0,1,k,50.0,10,incorrect,correct,0,1
1090,55,183,3,1,0,1,-1,0,3,12,58,0,58,d,4.85,0.56,3.36,10,11,31,-100,61,0.5702964855,0.6503105579,0,1,k,50.0,10,incorrect,incorrect,0,1
1096,56,184,3,0,1,-1,1,0,3,12,-51,12,-39,k,6.63,0.62,3.55,1,3,23,-100,60,0.3832193224,0.5302398421,1,1,k,50.0,10,correct,incorrect,1,0
1102,57,185,3,1,0,1,-1,0,3,12,53,0,53,d,5.99,0.45,3.99,10,11,31,-100,60,0.5685157594,0.7303066692,1,1,d,40.0,10,correct,correct,1,0
1108,58,186,3,1,0,1,-1,0,3,12,31,0,31,d,4.73,0.47,3.17,10,11,31,-100,60,0.5665933393,0.680296092,1,1,d,40.0,10,correct,correct,1,0
1114,59,187,3,1,0,1,-1,0,3,12,48,0,48,d,4.81,0.56,4.51,10,11,31,-100,60,0.3940125865,0.5402108818,1,1,d,40.0,10,correct,correct,1,0
1120,60,188,3,0,1,-1,1,0,3,12,-59,12,-47,k,5.35,0.67,3.25,1,3,23,-100,60,0.743737951,0.8803674807,1,1,k,50.0,10,correct,correct,1,0
1132,62,190,3,1,1,1,1,0,3,12,51,12,63,k,4.82,0.62,3.18,10,12,32,-100,60,0.8879548107,1.0004949312,1,1,k,50.0,10,correct,correct,1,0
1138,63,191,3,0,0,-1,-1,0,3,12,-35,0,-35,d,6.86,0.51,3.28,1,2,22,-100,60,0.8247008317,0.8903832809,1,1,d,40.0,10,correct,correct,1,0
1144,64,192,3,1,0,1,-1,0,3,12,50,0,50,d,5.77,0.56,3.54,10,11,31,-100,60,0.3780499139,0.4901643822,1,1,d,40.0,10,correct,correct,1,0
1150,1,193,4,1,0,1,-1,0,3,12,48,0,48,d,5.38,0.6,4.1,10,11,31,-100,61,0.5121363638,0.6902531619,0,1,k,50.0,10,incorrect,correct,0,1
1156,2,194,4,0,1,-1,1,0,3,12,-37,12,-25,k,4.67,0.49,4.64,1,3,23,-100,60,0.479714947,0.6002597819,1,1,k,50.0,10,correct,incorrect,1,0
1162,3,195,4,0,1,-1,1,0,3,12,-47,12,-35,k,5.25,0.7,3.97,1,3,23,-100,60,0.5830555047,0.7603195728,1,1,k,50.0,10,correct,correct,1,0
1168,4,196,4,0,0,-1,-1,0,3,12,-44,0,-44,d,5.58,0.6,3.93,1,2,22,-100,60,0.3782417853,0.4601452064,1,1,d,40.0,10,correct,correct,1,0
1174,5,197,4,1,1,1,1,0,3,12,48,12,60,k,4.58,0.62,4.37,10,12,32,-100,60,0.3098229595,0.5401758146,1,1,k,50.0,10,correct,correct,1,0
1180,6,198,4,0,1,-1,1,0,3,12,-55,12,-43,k,6.34,0.6,4.0,1,3,23,-100,60,0.4805725237,0.6001642738,1,1,k,50.0,10,correct,correct,1,0
1186,7,199,4,1,0,1,-1,0,3,12,39,0,39,d,4.13,0.68,4.05,10,11,31,-100,61,0.3907792829,0.5401835123,0,1,k,50.0,10,incorrect,correct,0,1
1192,8,200,4,0,0,-1,-1,0,3,12,-49,0,-49,d,4.72,0.51,4.78,1,2,22,-100,60,0.9700797535,1.1005066773,1,1,d,40.0,10,correct,incorrect,1,0
1198,9,201,4,1,0,1,-1,0,3,12,32,0,32,d,6.77,0.68,3.08,10,11,31,-100,61,1.205043794,1.3406580875,0,1,k,50.0,10,incorrect,correct,0,1
1204,10,202,4,0,0,-1,-1,0,3,12,-58,0,-58,d,4.27,0.41,3.61,1,2,22,-100,60,0.3790312234,0.5902613727,1,1,d,40.0,10,correct,incorrect,1,0
1210,11,203,4,1,1,1,1,0,3,12,31,12,43,k,6.86,0.51,3.22,10,12,32,-100,60,0.4240428811,0.6702677475,1,1,k,50.0,10,correct,correct,1,0
1216,12,204,4,1,1,1,1,0,3,12,47,12,59,k,4.02,0.69,4.62,10,12,32,-100,60,0.4757500803,0.6902808165,1,1,k,50.0,10,correct,correct,1,0
1222,13,205,4,0,0,-1,-1,1,1,4,-57,0,-57,d,5.07,0.56,3.51,1,2,22,-100,60,0.5975279668,0.7503348483,1,1,d,40.0,10,correct,correct,1,0
1228,14,206,4,0,0,-1,-1,0,1,4,-40,0,-40,d,4.49,0.66,4.72,1,2,22,-100,60,0.4508546972,0.5702103857,1,1,d,40.0,10,correct,correct,1,0
1234,15,207,4,0,0,-1,-1,0,1,4,-44,0,-44,d,5.47,0.51,3.86,1,2,22,-100,60,0.5145058186,0.6302590007,1,1,d,40.0,10,correct,correct,1,0
1240,16,208,4,0,0,-1,-1,0,1,4,-37,0,-37,d,5.13,0.64,3.5,1,2,22,-100,60,0.3460330521,0.4601529041,1,1,d,40.0,10,correct,correct,1,0
1246,17,209,4,0,1,-1,1,0,1,4,-43,4,-39,k,5.35,0.4,4.29,1,3,23,-100,61,0.5116893292,0.6402514228,0,1,d,40.0,10,incorrect,correct,0,1
1252,18,210,4,1,1,1,1,0,1,4,46,4,50,k,5.42,0.53,3.38,10,12,32,-100,61,0.5029941059,0.6401750163,0,1,d,40.0,10,incorrect,incorrect,0,1
1258,19,211,4,0,0,-1,-1,0,1,4,-54,0,-54,d,5.49,0.52,3.28,1,2,22,-100,60,1.1908581412,1.310619525,1,1,d,40.0,10,correct,incorrect,1,0
1264,20,212,4,1,1,1,1,0,1,4,45,4,49,k,5.55,0.5,3.64,10,12,32,-100,61,0.520125968,0.6702600499,0,1,d,40.0,10,incorrect,correct,0,1
1270,21,213,4,1,0,1,-1,0,1,4,58,0,58,d,5.76,0.57,3.04,10,11,31,-100,60,0.5479131065,0.730291559,1,1,d,40.0,10,correct,incorrect,1,0
1276,22,214,4,0,0,-1,-1,0,1,4,-43,0,-43,d,6.78,0.48,4.55,1,2,22,-100,60,0.2941681934,0.4301685104,1,1,d,40.0,10,correct,correct,1,0
1282,23,215,4,0,1,-1,1,0,1,4,-58,4,-54,k,6.23,0.56,3.45,1,3,23,-100,60,0.5135732609,0.6602796019,1,1,k,50.0,10,correct,correct,1,0
1288,24,216,4,1,1,1,1,0,1,4,36,4,40,k,5.44,0.51,4.22,10,12,32,-100,61,0.3006975223,0.4702639272,0,1,d,40.0,10,incorrect,correct,0,1
1294,25,217,4,0,0,-1,-1,0,1,4,-45,0,-45,d,5.45,0.53,4.08,1,2,22,-100,60,1.220186808,1.3405993572,1,1,d,40.0,10,correct,incorrect,1,0
1300,26,218,4,1,1,1,1,0,1,4,52,4,56,k,4.52,0.49,3.62,10,12,32,-100,60,0.9978614751,1.1505697126,1,1,k,50.0,10,correct,correct,1,0
1306,27,219,4,0,1,-1,1,0,1,4,-47,4,-43,k,5.63,0.45,4.83,1,3,23,-100,61,0.4402940735,0.6102242643,0,1,d,40.0,10,incorrect,correct,0,1
1312,28,220,4,0,1,-1,1,1,2,8,-47,8,-39,k,4.85,0.61,4.56,1,3,23,-100,61,0.3039430852,0.4401446819,0,1,d,40.0,10,incorrect,incorrect,0,1
1318,29,221,4,1,1,1,1,0,2,8,43,8,51,k,4.26,0.63,4.39,10,12,32,-100,60,0.5676342344,0.7302972609,1,1,k,50.0,10,correct,incorrect,1,0
1324,30,222,4,0,1,-1,1,0,2,8,-32,8,-24,k,6.16,0.6,4.5,1,3,23,-100,60,1.1203295854,1.2505731908,1,1,k,50.0,10,correct,correct,1,0
1330,31,223,4,0,0,-1,-1,0,2,8,-32,0,-32,d,4.4,0.69,3.02,1,2,22,-100,61,0.0423553937,0.21004699,0,1,k,50.0,10,incorrect,correct,0,1
1336,32,224,4,0,0,-1,-1,0,2,8,-50,0,-50,d,5.96,0.47,3.54,1,2,22,-100,60,1.3119306937,1.4606455545,1,1,d,40.0,10,correct,incorrect,1,0
1342,33,225,4,1,0,1,-1,0,2,8,59,0,59,d,6.3,0.62,3.27,10,11,31,-100,61,0.7747706524,0.8803731827,0,1,k,50.0,10,incorrect,correct,0,1
1348,34,226,4,0,1,-1,1,0,2,8,-41,8,-33,k,6.27,0.62,4.61,1,3,23,-100,60,0.6910306259,0.8703844669,1,1,k,50.0,10,correct,incorrect,1,0
1354,35,227,4,0,1,-1,1,0,2,8,-30,8,-22,k,4.66,0.59,3.82,1,3,23,-100,60,0.9149542217,1.030436275,1,1,k,50.0,10,correct,correct,1,0
1360,36,228,4,0,1,-1,1,0,2,8,-39,8,-31,k,5.9,0.5,3.87,1,3,23,-100,61,1.2559358961,1.3906829196,0,1,d,40.0,10,incorrect,correct,0,1
1366,37,229,4,0,0,-1,-1,0,2,8,-51,0,-51,d,4.31,0.55,3.46,1,2,22,-100,60,0.445813298,0.5902265907,1,1,d,40.0,10,correct,incorrect,1,0
1372,38,230,4,1,0,1,-1,0,2,8,39,0,39,d,6.26,0.51,3.3,10,11,31,-100,61,0.4892569132,0.6202429154,0,1,k,50.0,10,incorrect,correct,0,1
1378,39,231,4,1,0,1,-1,0,2,8,40,0,40,d,5.67,0.53,4.87,10,11,31,-100,61,0.4498209295,0.6502504021,0,1,k,50.0,10,incorrect,incorrect,0,1
1384,40,232,4,1,1,1,1,1,0,2,34,2,36,k,6.64,0.62,4.68,10,12,32,-100,60,0.5820804674,0.6501075677,1,1,k,50.0,10,correct,incorrect,1,0
1390,41,233,4,0,1,-1,1,0,0,2,-31,2,-29,k,6.84,0.45,4.76,1,3,23,-100,61,1.0103222812,1.2105635887,0,1,d,40.0,10,incorrect,correct,0,1
1396,42,234,4,0,0,-1,-1,0,0,2,-34,0,-34,d,6.98,0.6,3.11,1,2,22,-100,60,1.2790687994,1.41067147,1,1,d,40.0,10,correct,incorrect,1,0
1402,43,235,4,1,0,1,-1,0,0,2,42,0,42,d,4.72,0.6,4.52,10,11,31,-100,61,1.0720472762,1.1706660303,0,1,k,50.0,10,incorrect,correct,0,1
1408,44,236,4,0,0,-1,-1,0,0,2,-46,0,-46,d,6.5,0.49,4.06,1,2,22,-100,61,0.6787899159,0.8903621836,0,1,k,50.0,10,incorrect,incorrect,0,1
1414,45,237,4,1,1,1,1,0,0,2,31,2,33,k,6.94,0.62,4.25,10,12,32,-100,60,0.472685555,0.6502595253,1,1,k,50.0,10,correct,incorrect,1,0
1420,46,238,4,1,0,1,-1,0,0,2,58,0,58,d,6.77,0.44,3.29,10,11,31,-100,60,1.1239115647,1.3506479437,1,1,d,40.0,10,correct,correct,1,0
1426,47,239,4,1,0,1,-1,0,0,2,45,0,45,d,4.83,0.7,3.46,10,11,31,-100,61,0.5796867792,0.6602471007,0,1,k,50.0,10,incorrect,correct,0,1
1432,48,240,4,1,0,1,-1,0,0,2,51,0,51,d,5.5,0.45,4.92,10,11,31,-100,60,0.5724997277,0.7202868777,1,1,d,40.0,10,correct,incorrect,1,0
1438,49,241,4,0,1,-1,1,0,0,2,-51,2,-49,k,5.15,0.55,4.32,1,3,23,-100,61,0.4497020434,0.6102396596,0,1,d,40.0,10,incorrect,correct,0,1
1444,50,242,4,1,0,1,-1,0,0,2,30,0,30,d,5.25,0.47,4.81,10,11,31,-100,62,,,-1,0,,,10,timed out,incorrect,0,0
1449,51,243,4,0,1,-1,1,0,0,2,-47,2,-45,k,6.94,0.56,4.08,1,3,23,-100,61,0.4226949348,0.5902328629,0,1,d,40.0,10,incorrect,timed out,0,1
1455,52,244,4,0,1,-1,1,1,1,4,-36,4,-32,k,4.6,0.41,4.48,1,3,23,-100,62,,,-1,0,,,10,timed out,incorrect,0,0
1460,53,245,4,1,1,1,1,0,1,4,49,4,53,k,6.89,0.67,4.34,10,12,32,-100,60,0.832259937,0.9504250536,1,1,k,50.0,10,correct,timed out,1,0
1466,54,246,4,1,1,1,1,0,1,4,46,4,50,k,5.5,0.47,4.43,10,12,32,-100,60,0.6110915343,0.7803181017,1,1,k,50.0,10,correct,correct,1,0
1478,56,248,4,1,1,1,1,0,1,4,57,4,61,k,5.17,0.66,3.04,10,12,32,-100,62,,,-1,0,,,10,timed out,incorrect,0,0
1483,57,249,4,1,0,1,-1,0,1,4,60,0,60,d,4.73,0.46,3.7,10,11,31,-100,60,0.383721096,0.5301939412,1,1,d,40.0,10,correct,timed out,1,0
1489,58,250,4,1,1,1,1,0,1,4,41,4,45,k,5.54,0.63,4.5,10,12,32,-100,60,0.5845377325,0.7303203539,1,1,k,50.0,10,correct,correct,1,0
1495,59,251,4,0,1,-1,1,0,1,4,-53,4,-49,k,6.08,0.44,4.14,1,3,23,-100,60,0.6057302545,0.7202951455,1,1,k,50.0,10,correct,correct,1,0
1501,60,252,4,0,0,-1,-1,0,1,4,-50,0,-50,d,4.87,0.58,4.95,1,2,22,-100,60,0.9605337959,1.0604451872,1,1,d,40.0,10,correct,correct,1,0
1507,61,253,4,1,0,1,-1,0,1,4,35,0,35,d,4.41,0.65,4.28,10,11,31,-100,61,0.7043276262,0.8704577373,0,1,k,50.0,10,incorrect,correct,0,1
1513,62,254,4,1,1,1,1,0,1,4,37,4,41,k,5.54,0.65,3.86,10,12,32,-100,60,0.6574152159,0.8403382068,1,1,k,50.0,10,correct,incorrect,1,0
1519,63,255,4,1,0,1,-1,0,1,4,60,0,60,d,6.57,0.42,3.68,10,11,31,-100,61,1.1083146736,1.2405679393,0,1,k,50.0,10,incorrect,correct,0,1
1525,64,256,4,1,1,1,1,0,1,4,49,4,53,k,6.31,0.66,4.83,10,12,32,-100,61,0.8764413874,1.0605227341,0,1,d,40.0,10,incorrect,incorrect,0,1
1531,1,257,5,1,1,1,1,0,0,2,44,2,46,k,6.63,0.68,4.31,10,12,32,-100,60,0.3796148203,0.5101095976,1,1,k,50.0,10,correct,incorrect,1,0
1537,2,258,5,1,1,1,1,0,0,2,44,2,46,k,5.3,0.42,4.57,10,12,32,-100,60,0.4428916072,0.6202403496,1,1,k,50.0,10,correct,correct,1,0
1543,3,259,5,0,1,-1,1,0,0,2,-35,2,-33,k,5.09,0.54,3.06,1,3,23,-100,61,0.3587989137,0.4901592504,0,1,d,40.0,10,incorrect,correct,0,1
1549,4,260,5,0,0,-1,-1,0,0,2,-41,0,-41,d,4.69,0.55,3.63,1,2,22,-100,61,0.2889654284,0.4701652831,0,1,k,50.0,10,incorrect,incorrect,0,1
1555,5,261,5,0,1,-1,1,0,0,2,-37,2,-35,k,4.14,0.54,4.82,1,3,23,-100,61,0.5466837612,0.6802570335,0,1,d,40.0,10,incorrect,incorrect,0,1
1561,6,262,5,0,1,-1,1,0,0,2,-35,2,-33,k,4.94,0.49,4.81,1,3,23,-100,60,0.4040657346,0.5802680954,1,1,k,50.0,10,correct,incorrect,1,0
1567,7,263,5,1,0,1,-1,0,0,2,55,0,55,d,5.58,0.47,4.11,10,11,31,-100,61,0.8150719104,0.9504187814,0,1,k,50.0,10,incorrect,correct,0,1
1573,8,264,5,1,1,1,1,0,0,2,56,2,58,k,5.22,0.46,3.62,10,12,32,-100,61,0.6707153524,0.7703476322,0,1,d,40.0,10,incorrect,incorrect,0,1
1579,9,265,5,1,0,1,-1,0,0,2,49,0,49,d,5.19,0.66,3.16,10,11,31,-100,61,0.8046133521,0.9904474851,0,1,k,50.0,10,incorrect,incorrect,0,1
1585,10,266,5,0,1,-1,1,0,0,2,-39,2,-37,k,4.95,0.46,3.92,1,3,23,-100,61,0.9740409139,1.0905099787,0,1,d,40.0,10,incorrect,incorrect,0,1
1591,11,267,5,1,0,1,-1,0,0,2,38,0,38,d,6.95,0.67,3.42,10,11,31,-100,60,0.436644811,0.5702346191,1,1,d,40.0,10,correct,incorrect,1,0
1597,12,268,5,0,1,-1,1,0,0,2,-31,2,-29,k,5.26,0.63,4.03,1,3,23,-100,60,0.8841005623,1.0304308582,1,1,k,50.0,10,correct,correct,1,0
1603,13,269,5,1,0,1,-1,0,0,2,56,0,56,d,5.34,0.42,3.75,10,11,31,-100,61,0.5933732243,0.7402745728,0,1,k,50.0,10,incorrect,correct,0,1
1609,14,270,5,1,1,1,1,1,2,8,37,8,45,k,4.05,0.55,3.55,10,12,32,-100,60,0.6257741141,0.7703533341,1,1,k,50.0,10,correct,incorrect,1,0
1615,15,271,5,0,1,-1,1,0,2,8,-55,8,-47,k,4.07,0.6,4.38,1,3,23,-100,60,0.3997085722,0.5802706612,1,1,k,50.0,10,correct,correct,1,0
1621,16,272,5,0,1,-1,1,0,2,8,-43,8,-35,k,5.6,0.4,4.24,1,3,23,-100,60,0.3349977392,0.5202248972,1,1,k,50.0,10,correct,correct,1,0
1627,17,273,5,0,0,-1,-1,0,2,8,-37,0,-37,d,5.47,0.65,4.17,1,2,22,-100,60,0.4780345756,0.5902508241,1,1,d,40.0,10,correct,correct,1,0
1633,18,274,5,0,1,-1,1,0,2,8,-51,8,-43,k,6.43,0.56,4.53,1,3,23,-100,60,0.328580454,0.4901649524,1,1,k,50.0,10,correct,correct,1,0
1639,19,275,5,1,0,1,-1,0,2,8,40,0,40,d,4.32,0.66,3.95,10,11,31,-100,60,1.0625583383,1.1605336248,1,1,d,40.0,10,correct,correct,1,0
1645,20,276,5,1,1,1,1,0,2,8,39,8,47,k,5.28,0.52,4.51,10,12,32,-100,60,0.9777386432,1.0905270847,1,1,k,50.0,10,correct,correct,1,0
1651,21,277,5,0,0,-1,-1,0,2,8,-33,0,-33,d,6.59,0.41,4.81,1,2,22,-100,61,1.1296970713,1.2505743312,0,1,k,50.0,10,incorrect,correct,0,1
1657,22,278,5,0,1,-1,1,0,2,8,-54,8,-46,k,4.3,0.61,4.83,1,3,23,-100,60,0.2450311584,0.390094476,1,1,k,50.0,10,correct,incorrect,1,0
1663,23,279,5,0,0,-1,-1,0,2,8,-55,0,-55,d,5.77,0.48,4.7,1,2,22,-100,61,0.2678535893,0.4300978059,0,1,k,50.0,10,incorrect,correct,0,1
1669,24,280,5,1,0,1,-1,0,2,8,54,0,54,d,4.93,0.69,4.73,10,11,31,-100,61,0.6332094865,0.7503123256,0,1,k,50.0,10,incorrect,incorrect,0,1
1675,25,281,5,1,1,1,1,0,2,8,49,8,57,k,4.47,0.57,3.79,10,12,32,-100,60,0.2891578699,0.450166184,1,1,k,50.0,10,correct,incorrect,1,0
1681,26,282,5,1,0,1,-1,1,1,4,36,0,36,d,4.2,0.44,3.58,10,11,31,-100,61,0.4833821707,0.6301865857,0,1,k,50.0,10,incorrect,correct,0,1
1687,27,283,5,0,0,-1,-1,0,1,4,-43,0,-43,d,6.12,0.48,3.57,1,2,22,-100,60,0.9248782201,1.0404820106,1,1,d,40.0,10,correct,incorrect,1,0
1693,28,284,5,0,0,-1,-1,0,1,4,-49,0,-49,d,5.03,0.66,3.06,1,2,22,-100,60,0.4724631781,0.6202121248,1,1,d,40.0,10,correct,correct,1,0
1699,29,285,5,1,0,1,-1,0,1,4,42,0,42,d,5.67,0.44,3.93,10,11,31,-100,60,0.8300387335,0.9503956884,1,1,d,40.0,10,correct,correct,1,0
1705,30,286,5,0,0,-1,-1,0,1,4,-38,0,-38,d,5.64,0.56,4.32,1,2,22,-100,61,0.4087424926,0.5302024942,0,1,k,50.0,10,incorrect,correct,0,1
1711,31,287,5,0,0,-1,-1,0,1,4,-53,0,-53,d,4.19,0.63,3.21,1,2,22,-100,61,0.3874196806,0.5502332392,0,1,k,50.0,10,incorrect,incorrect,0,1
1717,32,288,5,1,1,1,1,0,1,4,41,4,45,k,4.36,0.67,3.01,10,12,32,-100,60,0.1757824104,0.2900376843,1,1,k,50.0,10,correct,incorrect,1,0
1723,33,289,5,1,1,1,1,0,1,4,53,4,57,k,6.15,0.61,3.05,10,12,32,-100,60,0.5494549199,0.7903153704,1,1,k,50.0,10,correct,correct,1,0
1729,34,290,5,0,1,-1,1,0,1,4,-46,4,-42,k,5.16,0.54,4.67,1,3,23,-100,60,0.4325579221,0.6102710205,1,1,k,50.0,10,correct,correct,1,0
1735,35,291,5,1,1,1,1,0,1,4,33,4,37,k,5.06,0.51,3.09,10,12,32,-100,61,0.3404442635,0.4401954294,0,1,d,40.0,10,incorrect,correct,0,1
1741,36,292,5,0,0,-1,-1,0,1,4,-56,0,-56,d,6.09,0.67,4.6,1,2,22,-100,61,0.4633833567,0.5602031385,0,1,k,50.0,10,incorrect,incorrect,0,1
1747,37,293,5,0,0,-1,-1,0,1,4,-51,0,-51,d,5.44,0.57,4.43,1,2,22,-100,60,0.4803552785,0.6602935718,1,1,d,40.0,10,correct,incorrect,1,0
1753,38,294,5,1,0,1,-1,0,1,4,35,0,35,d,6.36,0.45,4.59,10,11,31,-100,60,0.4670628397,0.6302612815,1,1,d,40.0,10,correct,correct,1,0
1759,39,295,5,1,1,1,1,1,3,12,37,12,49,k,4.49,0.46,4.34,10,12,32,-100,60,0.5348216623,0.6503085623,1,1,k,50.0,10,correct,correct,1,0
1765,40,296,5,0,1,-1,1,0,3,12,-40,12,-28,k,5.34,0.62,4.6,1,3,23,-100,60,0.3358881022,0.4901484166,1,1,k,50.0,10,correct,correct,1,0
1771,41,297,5,1,1,1,1,0,3,12,30,12,42,k,5.86,0.57,3.41,10,12,32,-100,60,0.3453502408,0.4801346122,1,1,k,50.0,10,correct,correct,1,0
1777,42,298,5,1,0,1,-1,0,3,12,48,0,48,d,4.78,0.44,3.44,10,11,31,-100,60,0.3094816964,0.4401443968,1,1,d,40.0,10,correct,correct,1,0
1783,43,299,5,1,1,1,1,0,3,12,51,12,63,k,4.82,0.61,4.33,10,12,32,-100,60,0.4232907909,0.6202534641,1,1,k,50.0,10,correct,correct,1,0
1789,44,300,5,0,1,-1,1,0,3,12,-60,12,-48,k,6.33,0.66,4.79,1,3,23,-100,60,0.4315301415,0.56019316,1,1,k,50.0,10,correct,correct,1,0
1795,45,301,5,0,1,-1,1,0,3,12,-42,12,-30,k,6.43,0.48,3.86,1,3,23,-100,61,0.5344561658,0.6502523978,0,1,d,40.0,10,incorrect,correct,0,1
1801,46,302,5,0,0,-1,-1,0,3,12,-32,0,-32,d,5.65,0.56,4.85,1,2,22,-100,60,0.9712688999,1.0604799693,1,1,d,40.0,10,correct,incorrect,1,0
1807,47,303,5,0,1,-1,1,0,3,12,-55,12,-43,k,4.53,0.55,4.14,1,3,23,-100,60,0.429100816,0.5902431264,1,1,k,50.0,10,correct,correct,1,0
1813,48,304,5,1,1,1,1,0,3,12,38,12,50,k,6.23,0.51,4.54,10,12,32,-100,60,0.4775815539,0.5802407259,1,1,k,50.0,10,correct,correct,1,0
1819,49,305,5,0,0,-1,-1,0,3,12,-42,0,-42,d,4.07,0.59,3.15,1,2,22,-100,60,0.5301480403,0.6803174744,1,1,d,40.0,10,correct,correct,1,0
1825,50,306,5,1,1,1,1,0,3,12,47,12,59,k,6.76,0.49,3.04,10,12,32,-100,60,0.609416865,0.8503950612,1,1,k,50.0,10,correct,correct,1,0
1831,51,307,5,1,0,1,-1,0,3,12,30,0,30,d,4.69,0.61,3.92,10,11,31,-100,60,0.3568813402,0.4701139653,1,1,d,40.0,10,correct,correct,1,0
1837,52,308,5,1,0,1,-1,1,2,8,32,0,32,d,6.42,0.56,4.45,10,11,31,-100,61,0.4756531467,0.6403865595,0,1,k,50.0,10,incorrect,correct,0,1
1843,53,309,5,0,0,-1,-1,0,2,8,-37,0,-37,d,5.25,0.5,4.08,1,2,22,-100,61,0.6551161805,0.8003693738,0,1,k,50.0,10,incorrect,incorrect,0,1
1849,54,310,5,0,0,-1,-1,0,2,8,-43,0,-43,d,6.97,0.5,4.3,1,2,22,-100,61,0.3493992116,0.5102033951,0,1,k,50.0,10,incorrect,incorrect,0,1
1855,55,311,5,0,0,-1,-1,0,2,8,-60,0,-60,d,4.0,0.62,3.25,1,2,22,-100,60,0.6680553821,0.880397131,1,1,d,40.0,10,correct,incorrect,1,0
1861,56,312,5,1,0,1,-1,0,2,8,45,0,45,d,4.12,0.64,4.23,10,11,31,-100,60,0.8178724343,0.9004253101,1,1,d,40.0,10,correct,correct,1,0
1867,57,313,5,1,1,1,1,0,2,8,31,8,39,k,6.33,0.46,4.36,10,12,32,-100,60,0.3925158187,0.5602493245,1,1,k,50.0,10,correct,correct,1,0
1873,58,314,5,0,1,-1,1,0,2,8,-33,8,-25,k,6.38,0.52,3.08,1,3,23,-100,60,0.3576776207,0.5102276285,1,1,k,50.0,10,correct,correct,1,0
1879,59,315,5,0,0,-1,-1,0,2,8,-34,0,-34,d,5.0,0.58,3.11,1,2,22,-100,60,0.2980737596,0.4201216345,1,1,d,40.0,10,correct,correct,1,0
1891,61,317,5,1,0,1,-1,0,2,8,32,0,32,d,6.09,0.44,3.49,10,11,31,-100,60,0.2561659707,0.3901705973,1,1,d,40.0,10,correct,correct,1,0
1897,62,318,5,0,1,-1,1,0,2,8,-42,8,-34,k,6.54,0.68,4.11,1,3,23,-100,61,0.5290709377,0.6803060705,0,1,d,40.0,10,incorrect,correct,0,1
1909,64,320,5,1,0,1,-1,0,2,8,44,0,44,d,5.6,0.52,3.3,10,11,31,-100,60,0.8746022161,0.9604308753,1,1,d,40.0,10,correct,correct,1,0
